[gd_scene load_steps=23 format=3 uid="uid://bguqwdt8u0wgd"]

[ext_resource type="Script" path="res://Mods/Scripts/ModTrack.gd" id="1_seqqr"]
[ext_resource type="PackedScene" uid="uid://c7d7wtb3lm6hn" path="res://Mods/Placeholders/mod_car_spawn.tscn" id="2_05dne"]
[ext_resource type="Script" path="res://Mods/Scripts/ModRaceSettings.gd" id="2_rx4va"]
[ext_resource type="Script" path="res://Mods/Scripts/ModCarClassSetting.gd" id="3_2napl"]
[ext_resource type="PackedScene" uid="uid://btshuvgc5p0v0" path="res://Mods/Placeholders/mod_checkpoint.tscn" id="3_7qbpy"]
[ext_resource type="Script" path="res://Mods/Scripts/ModTrackPath.gd" id="4_h316e"]
[ext_resource type="Material" uid="uid://budvf3w2bjk2w" path="res://Mods/Placeholders/Materials/track_path.tres" id="5_6qukl"]
[ext_resource type="PackedScene" uid="uid://cu0mwqn0aqh5x" path="res://Mods/Placeholders/mod_track_path_point.tscn" id="6_bv4sn"]
[ext_resource type="PackedScene" uid="uid://cvsxe56hnxaa0" path="res://Mods/Placeholders/mod_trigger.tscn" id="8_nfmkb"]
[ext_resource type="PackedScene" uid="uid://cq6m734ruksda" path="res://Mods/Placeholders/mod_barrier_arrow_block.tscn" id="9_mg822"]
[ext_resource type="PackedScene" uid="uid://b80ls8gu1xpos" path="res://Mods/Placeholders/mod_spectator_car.tscn" id="9_rp1cy"]
[ext_resource type="Script" path="res://Mods/Scripts/ModReverbTrigger.gd" id="10_nn3ty"]
[ext_resource type="Script" path="res://Mods/Scripts/ModTrackCamera.gd" id="12_oeimf"]
[ext_resource type="PackedScene" uid="uid://dqqrq7ntnw2j8" path="res://Mods/Placeholders/mod_track_camera_previewer.tscn" id="13_fxgoo"]
[ext_resource type="PackedScene" uid="uid://dc0et4b8dc5ir" path="res://Mods/corkscrew/Tracks/corkscrew/corkscrew.blend" id="16_57vt5"]

[sub_resource type="Resource" id="Resource_5y32m"]
script = ExtResource("3_2napl")
car_class = "light"
laps = 2

[sub_resource type="Resource" id="Resource_73miq"]
script = ExtResource("3_2napl")
car_class = "heavy"
laps = 2

[sub_resource type="Resource" id="Resource_sju77"]
script = ExtResource("3_2napl")
car_class = "ultra"
laps = 3

[sub_resource type="Resource" id="Resource_2hlki"]
script = ExtResource("3_2napl")
car_class = "cheat"
laps = 2

[sub_resource type="ImmediateMesh" id="ImmediateMesh_q8vla"]

[sub_resource type="BoxMesh" id="BoxMesh_86yt2"]
size = Vector3(159.385, 2, 195.725)

[sub_resource type="BoxMesh" id="BoxMesh_rrmgy"]
size = Vector3(8, 8, 8)

[node name="TrackWalaberTest" type="Node3D"]
script = ExtResource("1_seqqr")

[node name="RaceSettings" type="Node" parent="."]
unique_name_in_owner = true
script = ExtResource("2_rx4va")
per_car_class_settings = Array[ExtResource("3_2napl")]([SubResource("Resource_5y32m"), SubResource("Resource_73miq"), SubResource("Resource_sju77"), SubResource("Resource_2hlki")])

[node name="CarSpawn" parent="." instance=ExtResource("2_05dne")]
unique_name_in_owner = true
transform = Transform3D(1.31134e-07, 0, -1, 0, 1, 0, 1, 0, 1.31134e-07, -15.6365, 1.10457, 16.487)

[node name="Checkpoints" type="Node3D" parent="."]
unique_name_in_owner = true

[node name="checkpoint" parent="Checkpoints" instance=ExtResource("3_7qbpy")]
transform = Transform3D(-4.37114e-08, 0, -1, 0, 1, 0, 1, 0, -4.37114e-08, -9.13583, 0.972, 10.8031)
size = Vector2(9, 5)

[node name="checkpoint2" parent="Checkpoints" instance=ExtResource("3_7qbpy")]
transform = Transform3D(1, 0, 0, 0, 0.98187, -0.189558, 0, 0.189558, 0.98187, 17.3334, 7.16582, 13.9569)
size = Vector2(6, 5)

[node name="checkpoint3" parent="Checkpoints" instance=ExtResource("3_7qbpy")]
transform = Transform3D(1, 0, 0, 0, 0.98187, -0.189558, 0, 0.189558, 0.98187, 17.2857, 33.17, 14.3821)
size = Vector2(6, 5)

[node name="checkpoint4" parent="Checkpoints" instance=ExtResource("3_7qbpy")]
transform = Transform3D(1, 0, 0, 0, 0.98187, -0.189558, 0, 0.189558, 0.98187, 17.2857, 59.1298, 14.3821)
size = Vector2(6, 5)

[node name="checkpoint5" parent="Checkpoints" instance=ExtResource("3_7qbpy")]
transform = Transform3D(1, 0, 0, 0, 0.98187, -0.189558, 0, 0.189558, 0.98187, 17.2857, 85.0758, 14.3821)
size = Vector2(6, 5)

[node name="checkpoint6" parent="Checkpoints" instance=ExtResource("3_7qbpy")]
transform = Transform3D(1, 0, 0, 0, 0.98187, -0.189558, 0, 0.189558, 0.98187, 17.2857, 111.121, 14.3821)
size = Vector2(6, 5)

[node name="checkpoint7" parent="Checkpoints" instance=ExtResource("3_7qbpy")]
transform = Transform3D(-1, 0, 8.74228e-08, 6.25355e-09, 0.997438, 0.0715323, -8.71988e-08, 0.0715323, -0.997438, 1.80496, 132.884, 61.1253)
size = Vector2(11, 25)

[node name="TrackPath" type="MeshInstance3D" parent="."]
unique_name_in_owner = true
transform = Transform3D(1, 0, 0, 0, 1, 0, 0, 0, 1, 0, 0.14903, 0)
mesh = SubResource("ImmediateMesh_q8vla")
script = ExtResource("4_h316e")
material = ExtResource("5_6qukl")
bezier_handle_length = 3.0
track_width = 5.67

[node name="track_path_point6" parent="TrackPath" instance=ExtResource("6_bv4sn")]
transform = Transform3D(-4.37114e-08, 0, 1, 0, 1, 0, -1, 0, -4.37114e-08, -9.2034, 0.926006, 15.0813)

[node name="track_path_point" parent="TrackPath" instance=ExtResource("6_bv4sn")]
transform = Transform3D(1, 0, 0, 0, 1, 0, 0, 0, 1, -2.60857, 0.950925, 20.8239)

[node name="track_path_point4" parent="TrackPath" instance=ExtResource("6_bv4sn")]
transform = Transform3D(0.707107, -0.122788, 0.696364, 0, 0.984808, 0.173648, -0.707107, -0.122788, 0.696364, 0.872219, 2.20485, 27.5207)

[node name="track_path_point2" parent="TrackPath" instance=ExtResource("6_bv4sn")]
transform = Transform3D(-4.37114e-08, -0.173648, 0.984808, 0, 0.984808, 0.173648, -1, 7.5904e-09, -4.30473e-08, 9.73201, 3.55846, 30.194)

[node name="Barriers" type="Node3D" parent="."]
unique_name_in_owner = true

[node name="barrier_arrow_block3" parent="Barriers" instance=ExtResource("9_mg822")]
transform = Transform3D(-0.323884, 0, 0.946097, 0, 1, 0, -0.946097, 0, -0.323884, 0.346354, 0.65921, 14.3628)

[node name="barrier_arrow_block4" parent="Barriers" instance=ExtResource("9_mg822")]
transform = Transform3D(-0.836975, 0, 0.547242, 0, 1, 0, -0.547242, 0, -0.836975, -2.24766, 0.65921, 10.6738)

[node name="barrier_arrow_block5" parent="Barriers" instance=ExtResource("9_mg822")]
transform = Transform3D(-0.999988, 0, 0.00493923, 0, 1, 0, -0.00493923, 0, -0.999988, -6.40247, 0.65921, 9.11703)

[node name="SpectatorCars" type="Node3D" parent="."]
unique_name_in_owner = true
transform = Transform3D(1, 0, 0, 0, 1, 0, 0, 0, 1, 0, 1.12657, 0)

[node name="spectator_car" parent="SpectatorCars" instance=ExtResource("9_rp1cy")]
transform = Transform3D(-0.000646114, -0.000841651, -0.999999, 0.00040125, 1, -0.000841916, 1, -0.000401804, -0.00064577, 10.4274, 0.246308, 18.0889)

[node name="spectator_car2" parent="SpectatorCars" instance=ExtResource("9_rp1cy")]
transform = Transform3D(-0.000646114, -0.000841651, -0.999999, 0.00040125, 1, -0.000841916, 1, -0.000401804, -0.00064577, 10.4274, 0.246308, 12.3202)

[node name="spectator_car3" parent="SpectatorCars" instance=ExtResource("9_rp1cy")]
transform = Transform3D(-0.000646114, -0.000841651, -0.999999, 0.00040125, 1, -0.000841916, 1, -0.000401804, -0.00064577, 10.4274, 0.246308, 7.34329)

[node name="spectator_car4" parent="SpectatorCars" instance=ExtResource("9_rp1cy")]
transform = Transform3D(-0.000646114, -0.000841651, -0.999999, 0.00040125, 1, -0.000841916, 1, -0.000401804, -0.00064577, 10.4274, 0.246308, 2.95319)

[node name="OutOfBounds" type="Node3D" parent="."]
unique_name_in_owner = true

[node name="trigger" parent="OutOfBounds" instance=ExtResource("8_nfmkb")]
transform = Transform3D(1, 0, 0, 0, 1, 0, 0, 0, 1, 0, -3, 54.6939)
mesh = SubResource("BoxMesh_86yt2")
size = Vector3(159.385, 2, 195.725)

[node name="ReverbTrigger" type="Node3D" parent="."]
transform = Transform3D(1, 0, 0, 0, 1, 0, 0, 0, 1, -8, 3, -8)
script = ExtResource("10_nn3ty")
reverb_strength = 0.8

[node name="trigger" parent="ReverbTrigger" instance=ExtResource("8_nfmkb")]
mesh = SubResource("BoxMesh_rrmgy")
size = Vector3(8, 8, 8)

[node name="TrackCameras" type="Node3D" parent="."]
unique_name_in_owner = true

[node name="track_camera" type="Node3D" parent="TrackCameras"]
transform = Transform3D(0.801231, 0.247699, -0.544679, 0, 0.910292, 0.413966, 0.598356, -0.331682, 0.729354, -9.65642, 3.64883, 10.5709)
script = ExtResource("12_oeimf")
fov = 50.0

[node name="track_camera2" type="Node3D" parent="TrackCameras"]
transform = Transform3D(0.801231, 0.247699, -0.544679, 0, 0.910292, 0.413966, 0.598356, -0.331682, 0.729354, 11.6655, 1.3744, 11.1261)
script = ExtResource("12_oeimf")
fov = 50.0
starting_track_interp = 0.21

[node name="track_camera3" type="Node3D" parent="TrackCameras"]
transform = Transform3D(0.801231, 0.247699, -0.544679, 0, 0.910292, 0.413966, 0.598356, -0.331682, 0.729354, 0.229327, 5.04324, 2.82215)
script = ExtResource("12_oeimf")
fov = 60.095
base_dist = 8.0
starting_track_interp = 0.452

[node name="TrackCameraPreviewer" parent="." instance=ExtResource("13_fxgoo")]
unique_name_in_owner = true

[node name="DirectionalLight3D" type="DirectionalLight3D" parent="."]
transform = Transform3D(-0.669471, -0.510535, -0.539594, -0.732287, 0.331585, 0.594817, -0.124754, 0.793351, -0.595845, -28.0434, 57.0433, -25.2417)

[node name="corkscrew" parent="." instance=ExtResource("16_57vt5")]
transform = Transform3D(-1, 0, -8.74228e-08, 0, 1, 0, 8.74228e-08, 0, -1, -3.0434, 0.0432739, 17.7583)
