[gd_scene load_steps=23 format=3 uid="uid://c1hkb8s5dbi7k"]

[ext_resource type="Script" path="res://Mods/Scripts/ModTrack.gd" id="1_xn7mt"]
[ext_resource type="Script" path="res://Mods/Scripts/ModRaceSettings.gd" id="2_48mal"]
[ext_resource type="Script" path="res://Mods/Scripts/ModCarClassSetting.gd" id="3_slx18"]
[ext_resource type="PackedScene" uid="uid://c7d7wtb3lm6hn" path="res://Mods/Placeholders/mod_car_spawn.tscn" id="4_tns33"]
[ext_resource type="PackedScene" uid="uid://btshuvgc5p0v0" path="res://Mods/Placeholders/mod_checkpoint.tscn" id="5_ruqp4"]
[ext_resource type="Script" path="res://Mods/Scripts/ModTrackPath.gd" id="6_eqijo"]
[ext_resource type="Material" uid="uid://budvf3w2bjk2w" path="res://Mods/Placeholders/Materials/track_path.tres" id="7_8m4fe"]
[ext_resource type="PackedScene" uid="uid://cu0mwqn0aqh5x" path="res://Mods/Placeholders/mod_track_path_point.tscn" id="8_xa2sk"]
[ext_resource type="PackedScene" uid="uid://cq6m734ruksda" path="res://Mods/Placeholders/mod_barrier_arrow_block.tscn" id="9_wiabe"]
[ext_resource type="PackedScene" uid="uid://dq2fgy8jxkssy" path="res://Mods/Placeholders/mod_barrier_railing.tscn" id="10_b1e4a"]
[ext_resource type="PackedScene" uid="uid://b80ls8gu1xpos" path="res://Mods/Placeholders/mod_spectator_car.tscn" id="11_5o36n"]
[ext_resource type="PackedScene" uid="uid://cvsxe56hnxaa0" path="res://Mods/Placeholders/mod_trigger.tscn" id="12_mi28e"]
[ext_resource type="Script" path="res://Mods/Scripts/ModReverbTrigger.gd" id="13_ywc6u"]
[ext_resource type="Script" path="res://Mods/Scripts/ModTrackCamera.gd" id="14_42kjk"]
[ext_resource type="PackedScene" uid="uid://dqqrq7ntnw2j8" path="res://Mods/Placeholders/mod_track_camera_previewer.tscn" id="15_i84k5"]
[ext_resource type="PackedScene" uid="uid://dc0et4b8dc5ir" path="res://Mods/construction/Tracks/corkscrew/corkscrew.blend" id="16_bw6cx"]

[sub_resource type="Resource" id="Resource_5y32m"]
script = ExtResource("3_slx18")
car_class = "light"
laps = 1

[sub_resource type="Resource" id="Resource_73miq"]
script = ExtResource("3_slx18")
car_class = "heavy"
laps = 1

[sub_resource type="Resource" id="Resource_sju77"]
script = ExtResource("3_slx18")
car_class = "ultra"
laps = 2

[sub_resource type="Resource" id="Resource_2hlki"]
script = ExtResource("3_slx18")
car_class = "cheat"
laps = 1

[sub_resource type="ImmediateMesh" id="ImmediateMesh_215qt"]

[sub_resource type="BoxMesh" id="BoxMesh_rxe4y"]
size = Vector3(159.385, 2, 195.725)

[node name="TrackWalaberTest" type="Node3D"]
script = ExtResource("1_xn7mt")

[node name="RaceSettings" type="Node" parent="."]
unique_name_in_owner = true
script = ExtResource("2_48mal")
per_car_class_settings = Array[ExtResource("3_slx18")]([SubResource("Resource_5y32m"), SubResource("Resource_73miq"), SubResource("Resource_sju77"), SubResource("Resource_2hlki")])
pgrc_skybox_name = "seattle"
pgrc_music_name = "sanfran"

[node name="CarSpawn" parent="." instance=ExtResource("4_tns33")]
unique_name_in_owner = true
transform = Transform3D(1.31134e-07, 0, -1, 0, 1, 0, 1, 0, 1.31134e-07, -15.6365, 1.10457, 16.487)

[node name="Checkpoints" type="Node3D" parent="."]
unique_name_in_owner = true

[node name="checkpoint" parent="Checkpoints" instance=ExtResource("5_ruqp4")]
transform = Transform3D(-4.37114e-08, 0, -1, 0, 1, 0, 1, 0, -4.37114e-08, -9.13583, 0.972, 10.8031)
size = Vector2(9, 5)

[node name="checkpoint2" parent="Checkpoints" instance=ExtResource("5_ruqp4")]
transform = Transform3D(1, 0, 0, 0, 0.98187, -0.189558, 0, 0.189558, 0.98187, 17.3334, 7.16582, 13.9569)
size = Vector2(6, 5)

[node name="checkpoint3" parent="Checkpoints" instance=ExtResource("5_ruqp4")]
transform = Transform3D(1, 0, 0, 0, 0.98187, -0.189558, 0, 0.189558, 0.98187, 17.2857, 33.17, 14.3821)
size = Vector2(6, 5)

[node name="checkpoint4" parent="Checkpoints" instance=ExtResource("5_ruqp4")]
transform = Transform3D(1, 0, 0, 0, 0.98187, -0.189558, 0, 0.189558, 0.98187, 17.2857, 59.1298, 14.3821)
size = Vector2(6, 5)

[node name="checkpoint5" parent="Checkpoints" instance=ExtResource("5_ruqp4")]
transform = Transform3D(1, 0, 0, 0, 0.98187, -0.189558, 0, 0.189558, 0.98187, 17.2857, 85.0758, 14.3821)
size = Vector2(6, 5)

[node name="checkpoint6" parent="Checkpoints" instance=ExtResource("5_ruqp4")]
transform = Transform3D(1, 0, 0, 0, 0.98187, -0.189558, 0, 0.189558, 0.98187, 17.2857, 111.121, 14.3821)
size = Vector2(6, 5)

[node name="checkpoint7" parent="Checkpoints" instance=ExtResource("5_ruqp4")]
transform = Transform3D(-1, 0, 8.74228e-08, 6.25355e-09, 0.997438, 0.0715323, -8.71988e-08, 0.0715323, -0.997438, 1.80496, 132.884, 61.1253)
size = Vector2(11, 25)

[node name="checkpoint8" parent="Checkpoints" instance=ExtResource("5_ruqp4")]
transform = Transform3D(1, 0, 0, 0, 0.984808, 0.173648, 0, -0.173648, 0.984808, -31.3964, 110.523, 88.3051)
size = Vector2(6, 5)

[node name="checkpoint9" parent="Checkpoints" instance=ExtResource("5_ruqp4")]
transform = Transform3D(1, 0, 0, 0, 0.984808, 0.173648, 0, -0.173648, 0.984808, -31.3964, 84.4782, 88.3051)
size = Vector2(6, 5)

[node name="checkpoint10" parent="Checkpoints" instance=ExtResource("5_ruqp4")]
transform = Transform3D(1, 0, 0, 0, 0.984808, 0.173648, 0, -0.173648, 0.984808, -31.3964, 58.4782, 88.3051)
size = Vector2(6, 5)

[node name="checkpoint11" parent="Checkpoints" instance=ExtResource("5_ruqp4")]
transform = Transform3D(1, 0, 0, 0, 0.984808, 0.173648, 0, -0.173648, 0.984808, -31.3964, 32.4782, 88.3051)
size = Vector2(6, 5)

[node name="checkpoint12" parent="Checkpoints" instance=ExtResource("5_ruqp4")]
transform = Transform3D(1, 0, 0, 0, 0.984808, 0.173648, 0, -0.173648, 0.984808, -31.3964, 6.47823, 88.3051)
size = Vector2(6, 5)

[node name="TrackPath" type="MeshInstance3D" parent="."]
unique_name_in_owner = true
transform = Transform3D(1, 0, 0, 0, 1, 0, 0, 0, 1, 0, 0.14903, 0)
mesh = SubResource("ImmediateMesh_215qt")
script = ExtResource("6_eqijo")
material = ExtResource("7_8m4fe")
bezier_handle_length = 4.0

[node name="track_path_point" parent="TrackPath" instance=ExtResource("8_xa2sk")]
transform = Transform3D(-4.37114e-08, 0, 1, 0, 1, 0, -1, 0, -4.37114e-08, -9.2034, 1.28714, 15.0813)

[node name="track_path_point2" parent="TrackPath" instance=ExtResource("8_xa2sk")]
transform = Transform3D(1, 0, 0, 0, 1, 0, 0, 0, 1, -2, 1, 21.0333)

[node name="track_path_point3" parent="TrackPath" instance=ExtResource("8_xa2sk")]
transform = Transform3D(-4.37114e-08, 0, 1, 0, 1, 0, -1, 0, -4.37114e-08, 9, 3, 30)

[node name="track_path_point4" parent="TrackPath" instance=ExtResource("8_xa2sk")]
transform = Transform3D(-1, 0, 8.74227e-08, 0, 1, 0, -8.74228e-08, 0, -1, 21, 7, 19)

[node name="track_path_point5" parent="TrackPath" instance=ExtResource("8_xa2sk")]
transform = Transform3D(-4.37114e-08, 0, -1, 0, 1, 0, 1, 0, -4.37114e-08, 9.71256, 10, 5.68818)

[node name="track_path_point6" parent="TrackPath" instance=ExtResource("8_xa2sk")]
transform = Transform3D(1, 0, 0, 0, 1, 0, 0, 0, 1, -3.91096, 13.3347, 17.7292)

[node name="track_path_point7" parent="TrackPath" instance=ExtResource("8_xa2sk")]
transform = Transform3D(-4.37114e-08, 0, 1, 0, 1, 0, -1, 0, -4.37114e-08, 9, 16.2701, 30)

[node name="track_path_point8" parent="TrackPath" instance=ExtResource("8_xa2sk")]
transform = Transform3D(-1, 0, 8.74227e-08, 0, 1, 0, -8.74228e-08, 0, -1, 21, 20.2701, 19)

[node name="track_path_point9" parent="TrackPath" instance=ExtResource("8_xa2sk")]
transform = Transform3D(-4.37114e-08, 0, -1, 0, 1, 0, 1, 0, -4.37114e-08, 9.71256, 23.2701, 5.68818)

[node name="track_path_point10" parent="TrackPath" instance=ExtResource("8_xa2sk")]
transform = Transform3D(1, 0, 0, 0, 1, 0, 0, 0, 1, -3.91096, 26.6048, 17.7292)

[node name="track_path_point11" parent="TrackPath" instance=ExtResource("8_xa2sk")]
transform = Transform3D(-4.37114e-08, 0, 1, 0, 1, 0, -1, 0, -4.37114e-08, 9, 28.8418, 30)

[node name="track_path_point12" parent="TrackPath" instance=ExtResource("8_xa2sk")]
transform = Transform3D(-1, 0, 8.74227e-08, 0, 1, 0, -8.74228e-08, 0, -1, 21, 32.8418, 19)

[node name="track_path_point13" parent="TrackPath" instance=ExtResource("8_xa2sk")]
transform = Transform3D(-4.37114e-08, 0, -1, 0, 1, 0, 1, 0, -4.37114e-08, 9.71256, 35.8418, 5.68818)

[node name="track_path_point14" parent="TrackPath" instance=ExtResource("8_xa2sk")]
transform = Transform3D(1, 0, 0, 0, 1, 0, 0, 0, 1, -3.91096, 39.1765, 17.7292)

[node name="track_path_point15" parent="TrackPath" instance=ExtResource("8_xa2sk")]
transform = Transform3D(-4.37114e-08, 0, 1, 0, 1, 0, -1, 0, -4.37114e-08, 9, 41.9172, 30)

[node name="track_path_point16" parent="TrackPath" instance=ExtResource("8_xa2sk")]
transform = Transform3D(-1, 0, 8.74227e-08, 0, 1, 0, -8.74228e-08, 0, -1, 21, 45.9172, 19)

[node name="track_path_point17" parent="TrackPath" instance=ExtResource("8_xa2sk")]
transform = Transform3D(-4.37114e-08, 0, -1, 0, 1, 0, 1, 0, -4.37114e-08, 9.71256, 48.9172, 5.68818)

[node name="track_path_point18" parent="TrackPath" instance=ExtResource("8_xa2sk")]
transform = Transform3D(1, 0, 0, 0, 1, 0, 0, 0, 1, -3.91096, 52.2519, 17.7292)

[node name="track_path_point19" parent="TrackPath" instance=ExtResource("8_xa2sk")]
transform = Transform3D(-4.37114e-08, 0, 1, 0, 1, 0, -1, 0, -4.37114e-08, 9, 54.8425, 30)

[node name="track_path_point20" parent="TrackPath" instance=ExtResource("8_xa2sk")]
transform = Transform3D(-1, 0, 8.74227e-08, 0, 1, 0, -8.74228e-08, 0, -1, 21, 58.8425, 19)

[node name="track_path_point21" parent="TrackPath" instance=ExtResource("8_xa2sk")]
transform = Transform3D(-4.37114e-08, 0, -1, 0, 1, 0, 1, 0, -4.37114e-08, 9.71256, 61.8425, 5.68818)

[node name="track_path_point22" parent="TrackPath" instance=ExtResource("8_xa2sk")]
transform = Transform3D(1, 0, 0, 0, 1, 0, 0, 0, 1, -3.91096, 65.1772, 17.7292)

[node name="track_path_point23" parent="TrackPath" instance=ExtResource("8_xa2sk")]
transform = Transform3D(-4.37114e-08, 0, 1, 0, 1, 0, -1, 0, -4.37114e-08, 9, 67.7817, 30)

[node name="track_path_point24" parent="TrackPath" instance=ExtResource("8_xa2sk")]
transform = Transform3D(-1, 0, 8.74227e-08, 0, 1, 0, -8.74228e-08, 0, -1, 21, 71.7817, 19)

[node name="track_path_point25" parent="TrackPath" instance=ExtResource("8_xa2sk")]
transform = Transform3D(-4.37114e-08, 0, -1, 0, 1, 0, 1, 0, -4.37114e-08, 9.71256, 74.7817, 5.68818)

[node name="track_path_point26" parent="TrackPath" instance=ExtResource("8_xa2sk")]
transform = Transform3D(1, 0, 0, 0, 1, 0, 0, 0, 1, -3.91096, 78.1164, 17.7292)

[node name="track_path_point27" parent="TrackPath" instance=ExtResource("8_xa2sk")]
transform = Transform3D(-4.37114e-08, 0, 1, 0, 1, 0, -1, 0, -4.37114e-08, 9, 80.8212, 30)

[node name="track_path_point28" parent="TrackPath" instance=ExtResource("8_xa2sk")]
transform = Transform3D(-1, 0, 8.74227e-08, 0, 1, 0, -8.74228e-08, 0, -1, 21, 84.8212, 19)

[node name="track_path_point29" parent="TrackPath" instance=ExtResource("8_xa2sk")]
transform = Transform3D(-4.37114e-08, 0, -1, 0, 1, 0, 1, 0, -4.37114e-08, 9.71256, 87.8212, 5.68818)

[node name="track_path_point30" parent="TrackPath" instance=ExtResource("8_xa2sk")]
transform = Transform3D(1, 0, 0, 0, 1, 0, 0, 0, 1, -3.91096, 91.1559, 17.7292)

[node name="track_path_point31" parent="TrackPath" instance=ExtResource("8_xa2sk")]
transform = Transform3D(-4.37114e-08, 0, 1, 0, 1, 0, -1, 0, -4.37114e-08, 9, 93.8974, 30)

[node name="track_path_point32" parent="TrackPath" instance=ExtResource("8_xa2sk")]
transform = Transform3D(-1, 0, 8.74227e-08, 0, 1, 0, -8.74228e-08, 0, -1, 21, 97.8974, 19)

[node name="track_path_point33" parent="TrackPath" instance=ExtResource("8_xa2sk")]
transform = Transform3D(-4.37114e-08, 0, -1, 0, 1, 0, 1, 0, -4.37114e-08, 9.71256, 100.897, 5.68818)

[node name="track_path_point34" parent="TrackPath" instance=ExtResource("8_xa2sk")]
transform = Transform3D(1, 0, 0, 0, 1, 0, 0, 0, 1, -4.22694, 103.877, 18.0544)

[node name="track_path_point35" parent="TrackPath" instance=ExtResource("8_xa2sk")]
transform = Transform3D(-4.37114e-08, 0, 1, 0, 1, 0, -1, 0, -4.37114e-08, 9, 107.057, 30)

[node name="track_path_point36" parent="TrackPath" instance=ExtResource("8_xa2sk")]
transform = Transform3D(-1, 0, 8.74227e-08, 0, 1, 0, -8.74228e-08, 0, -1, 21, 111.057, 19)

[node name="track_path_point37" parent="TrackPath" instance=ExtResource("8_xa2sk")]
transform = Transform3D(-4.37114e-08, 0, -1, 0, 1, 0, 1, 0, -4.37114e-08, 9.71256, 114.057, 5.68818)

[node name="track_path_point38" parent="TrackPath" instance=ExtResource("8_xa2sk")]
transform = Transform3D(1, 0, 0, 0, 1, 0, 0, 0, 1, -3.91096, 117.391, 17.7292)

[node name="track_path_point39" parent="TrackPath" instance=ExtResource("8_xa2sk")]
transform = Transform3D(-4.37114e-08, 0, 1, 0, 1, 0, -1, 0, -4.37114e-08, 9, 119.859, 30)

[node name="track_path_point40" parent="TrackPath" instance=ExtResource("8_xa2sk")]
transform = Transform3D(-1, 0, 8.74227e-08, 0, 1, 0, -8.74228e-08, 0, -1, 21, 123.859, 19)

[node name="track_path_point41" parent="TrackPath" instance=ExtResource("8_xa2sk")]
transform = Transform3D(-4.37114e-08, 0, -1, 0, 1, 0, 1, 0, -4.37114e-08, 9.71256, 126.859, 5.68818)

[node name="track_path_point42" parent="TrackPath" instance=ExtResource("8_xa2sk")]
transform = Transform3D(1, 0, 0, 0, 1, 0, 0, 0, 1, -3.91096, 130.194, 17.7292)

[node name="track_path_point43" parent="TrackPath" instance=ExtResource("8_xa2sk")]
transform = Transform3D(1, 0, 0, 0, 1, 0, 0, 0, 1, -3.91096, 138.371, 35.2433)

[node name="track_path_point45" parent="TrackPath" instance=ExtResource("8_xa2sk")]
transform = Transform3D(1, 0, 0, 0, 1, 0, 0, 0, 1, -3.91096, 133.176, 61.926)

[node name="track_path_point46" parent="TrackPath" instance=ExtResource("8_xa2sk")]
transform = Transform3D(1, 0, 0, 0, 1, 0, 0, 0, 1, -3.91095, 130.48, 89.2791)

[node name="track_path_point47" parent="TrackPath" instance=ExtResource("8_xa2sk")]
transform = Transform3D(-4.37114e-08, 0, -1, 0, 1, 0, 1, 0, -4.37114e-08, -17.3369, 126.59, 103.255)

[node name="track_path_point48" parent="TrackPath" instance=ExtResource("8_xa2sk")]
transform = Transform3D(-1, 0, 8.74227e-08, 0, 1, 0, -8.74228e-08, 0, -1, -27.1888, 123.803, 90.2554)

[node name="track_path_point49" parent="TrackPath" instance=ExtResource("8_xa2sk")]
transform = Transform3D(1.31134e-07, 0, 1, 0, 1, 0, -1, 0, 1.31134e-07, -16.0008, 120.227, 78.0258)

[node name="track_path_point50" parent="TrackPath" instance=ExtResource("8_xa2sk")]
transform = Transform3D(1, 0, 0, 0, 1, 0, 0, 0, 1, -3.91095, 117.757, 89.2791)

[node name="track_path_point51" parent="TrackPath" instance=ExtResource("8_xa2sk")]
transform = Transform3D(-4.37114e-08, 0, -1, 0, 1, 0, 1, 0, -4.37114e-08, -17.3369, 113.867, 103.255)

[node name="track_path_point52" parent="TrackPath" instance=ExtResource("8_xa2sk")]
transform = Transform3D(-1, 0, 8.74227e-08, 0, 1, 0, -8.74228e-08, 0, -1, -27.1888, 111.081, 90.2554)

[node name="track_path_point53" parent="TrackPath" instance=ExtResource("8_xa2sk")]
transform = Transform3D(1.31134e-07, 0, 1, 0, 1, 0, -1, 0, 1.31134e-07, -16.0008, 107.504, 78.0258)

[node name="track_path_point54" parent="TrackPath" instance=ExtResource("8_xa2sk")]
transform = Transform3D(1, 0, 0, 0, 1, 0, 0, 0, 1, -3.91095, 104.334, 89.2791)

[node name="track_path_point55" parent="TrackPath" instance=ExtResource("8_xa2sk")]
transform = Transform3D(-4.37114e-08, 0, -1, 0, 1, 0, 1, 0, -4.37114e-08, -17.3369, 100.445, 103.255)

[node name="track_path_point56" parent="TrackPath" instance=ExtResource("8_xa2sk")]
transform = Transform3D(-1, 0, 8.74227e-08, 0, 1, 0, -8.74228e-08, 0, -1, -27.1888, 97.6582, 90.2554)

[node name="track_path_point57" parent="TrackPath" instance=ExtResource("8_xa2sk")]
transform = Transform3D(1.31134e-07, 0, 1, 0, 1, 0, -1, 0, 1.31134e-07, -16.0008, 94.0818, 78.0258)

[node name="track_path_point58" parent="TrackPath" instance=ExtResource("8_xa2sk")]
transform = Transform3D(1, 0, 0, 0, 1, 0, 0, 0, 1, -3.91095, 91.5808, 89.2791)

[node name="track_path_point59" parent="TrackPath" instance=ExtResource("8_xa2sk")]
transform = Transform3D(-4.37114e-08, 0, -1, 0, 1, 0, 1, 0, -4.37114e-08, -17.3369, 87.6912, 103.255)

[node name="track_path_point60" parent="TrackPath" instance=ExtResource("8_xa2sk")]
transform = Transform3D(-1, 0, 8.74227e-08, 0, 1, 0, -8.74228e-08, 0, -1, -27.1888, 84.9046, 90.2554)

[node name="track_path_point61" parent="TrackPath" instance=ExtResource("8_xa2sk")]
transform = Transform3D(1.31134e-07, 0, 1, 0, 1, 0, -1, 0, 1.31134e-07, -16.0008, 81.3283, 78.0258)

[node name="track_path_point62" parent="TrackPath" instance=ExtResource("8_xa2sk")]
transform = Transform3D(1, 0, 0, 0, 1, 0, 0, 0, 1, -3.91095, 78.4076, 89.2791)

[node name="track_path_point63" parent="TrackPath" instance=ExtResource("8_xa2sk")]
transform = Transform3D(-4.37114e-08, 0, -1, 0, 1, 0, 1, 0, -4.37114e-08, -17.3369, 74.518, 103.255)

[node name="track_path_point64" parent="TrackPath" instance=ExtResource("8_xa2sk")]
transform = Transform3D(-1, 0, 8.74227e-08, 0, 1, 0, -8.74228e-08, 0, -1, -27.1888, 71.7314, 90.2554)

[node name="track_path_point65" parent="TrackPath" instance=ExtResource("8_xa2sk")]
transform = Transform3D(1.31134e-07, 0, 1, 0, 1, 0, -1, 0, 1.31134e-07, -16.0008, 68.1551, 78.0258)

[node name="track_path_point66" parent="TrackPath" instance=ExtResource("8_xa2sk")]
transform = Transform3D(1, 0, 0, 0, 1, 0, 0, 0, 1, -3.91095, 65.7439, 89.2791)

[node name="track_path_point67" parent="TrackPath" instance=ExtResource("8_xa2sk")]
transform = Transform3D(-4.37114e-08, 0, -1, 0, 1, 0, 1, 0, -4.37114e-08, -17.3369, 61.8543, 103.255)

[node name="track_path_point68" parent="TrackPath" instance=ExtResource("8_xa2sk")]
transform = Transform3D(-1, 0, 8.74227e-08, 0, 1, 0, -8.74228e-08, 0, -1, -27.1888, 59.0677, 90.2554)

[node name="track_path_point69" parent="TrackPath" instance=ExtResource("8_xa2sk")]
transform = Transform3D(1.31134e-07, 0, 1, 0, 1, 0, -1, 0, 1.31134e-07, -16.0008, 55.4913, 78.0258)

[node name="track_path_point70" parent="TrackPath" instance=ExtResource("8_xa2sk")]
transform = Transform3D(1, 0, 0, 0, 1, 0, 0, 0, 1, -3.91095, 52.4566, 89.2791)

[node name="track_path_point71" parent="TrackPath" instance=ExtResource("8_xa2sk")]
transform = Transform3D(-4.37114e-08, 0, -1, 0, 1, 0, 1, 0, -4.37114e-08, -17.3369, 48.567, 103.255)

[node name="track_path_point72" parent="TrackPath" instance=ExtResource("8_xa2sk")]
transform = Transform3D(-1, 0, 8.74227e-08, 0, 1, 0, -8.74228e-08, 0, -1, -27.1888, 45.7804, 90.2554)

[node name="track_path_point73" parent="TrackPath" instance=ExtResource("8_xa2sk")]
transform = Transform3D(1.31134e-07, 0, 1, 0, 1, 0, -1, 0, 1.31134e-07, -16.0008, 42.2041, 78.0258)

[node name="track_path_point74" parent="TrackPath" instance=ExtResource("8_xa2sk")]
transform = Transform3D(1, 0, 0, 0, 1, 0, 0, 0, 1, -3.91095, 39.6353, 89.2791)

[node name="track_path_point75" parent="TrackPath" instance=ExtResource("8_xa2sk")]
transform = Transform3D(-4.37114e-08, 0, -1, 0, 1, 0, 1, 0, -4.37114e-08, -17.3369, 35.7457, 103.255)

[node name="track_path_point76" parent="TrackPath" instance=ExtResource("8_xa2sk")]
transform = Transform3D(-1, 0, 8.74227e-08, 0, 1, 0, -8.74228e-08, 0, -1, -27.1888, 32.9591, 90.2554)

[node name="track_path_point77" parent="TrackPath" instance=ExtResource("8_xa2sk")]
transform = Transform3D(1.31134e-07, 0, 1, 0, 1, 0, -1, 0, 1.31134e-07, -16.0008, 29.3828, 78.0258)

[node name="track_path_point78" parent="TrackPath" instance=ExtResource("8_xa2sk")]
transform = Transform3D(1, 0, 0, 0, 1, 0, 0, 0, 1, -3.91095, 26.6564, 89.2791)

[node name="track_path_point79" parent="TrackPath" instance=ExtResource("8_xa2sk")]
transform = Transform3D(-4.37114e-08, 0, -1, 0, 1, 0, 1, 0, -4.37114e-08, -17.3369, 22.7668, 103.255)

[node name="track_path_point80" parent="TrackPath" instance=ExtResource("8_xa2sk")]
transform = Transform3D(-1, 0, 8.74227e-08, 0, 1, 0, -8.74228e-08, 0, -1, -27.1888, 19.9802, 90.2554)

[node name="track_path_point81" parent="TrackPath" instance=ExtResource("8_xa2sk")]
transform = Transform3D(1.31134e-07, 0, 1, 0, 1, 0, -1, 0, 1.31134e-07, -16.0008, 16.4039, 78.0258)

[node name="track_path_point82" parent="TrackPath" instance=ExtResource("8_xa2sk")]
transform = Transform3D(1, 0, 0, 0, 1, 0, 0, 0, 1, -3.91095, 13.7871, 89.2791)

[node name="track_path_point83" parent="TrackPath" instance=ExtResource("8_xa2sk")]
transform = Transform3D(-4.37114e-08, 0, -1, 0, 1, 0, 1, 0, -4.37114e-08, -17.3369, 9.8975, 103.255)

[node name="track_path_point84" parent="TrackPath" instance=ExtResource("8_xa2sk")]
transform = Transform3D(-1, 0, 8.74227e-08, 0, 1, 0, -8.74228e-08, 0, -1, -27.1888, 7.1109, 90.2554)

[node name="track_path_point85" parent="TrackPath" instance=ExtResource("8_xa2sk")]
transform = Transform3D(1.31134e-07, 0, 1, 0, 1, 0, -1, 0, 1.31134e-07, -16.0008, 3.53458, 78.0258)

[node name="track_path_point86" parent="TrackPath" instance=ExtResource("8_xa2sk")]
transform = Transform3D(1, 0, -1.74845e-07, 0, 1, 0, 1.74846e-07, 0, 1, -4.62714, 1.1374, 88.0258)

[node name="track_path_point87" parent="TrackPath" instance=ExtResource("8_xa2sk")]
transform = Transform3D(0.707107, 0, -0.707107, 0, 1, 0, 0.707107, 0, 0.707106, -11.6107, 1.1374, 114.702)

[node name="track_path_point88" parent="TrackPath" instance=ExtResource("8_xa2sk")]
transform = Transform3D(-1.78814e-07, 0, -0.999999, 0, 1, 0, 1, 0, -1.78814e-07, -32.9895, 1.1374, 124.588)

[node name="track_path_point89" parent="TrackPath" instance=ExtResource("8_xa2sk")]
transform = Transform3D(-0.707107, 0, -0.707106, 0, 1, 0, 0.707107, 0, -0.707107, -50.7994, 1.1374, 116.711)

[node name="track_path_point90" parent="TrackPath" instance=ExtResource("8_xa2sk")]
transform = Transform3D(-1, 0, 1.78814e-07, 0, 1, 0, -1.78814e-07, 0, -0.999999, -60.1927, 1.1374, 95.402)

[node name="track_path_point91" parent="TrackPath" instance=ExtResource("8_xa2sk")]
transform = Transform3D(-1, 0, 1.78814e-07, 0, 1, 0, -1.78814e-07, 0, -0.999999, -60.1927, 1.1374, 24.2389)

[node name="track_path_point93" parent="TrackPath" instance=ExtResource("8_xa2sk")]
transform = Transform3D(2.68221e-07, 0, 0.999999, 0, 1, 0, -1, 0, 2.38419e-07, -43.3926, 1.1374, 11.1688)

[node name="track_path_point94" parent="TrackPath" instance=ExtResource("8_xa2sk")]
transform = Transform3D(2.68221e-07, 0, 0.999999, 0, 1, 0, -1, 0, 2.38419e-07, -8.45628, 1.06418, 14.7246)

[node name="Barriers" type="Node3D" parent="."]
unique_name_in_owner = true

[node name="barrier_arrow_block3" parent="Barriers" instance=ExtResource("9_wiabe")]
transform = Transform3D(-0.323884, 0, 0.946097, 0, 1, 0, -0.946097, 0, -0.323884, 0.346354, 1.01086, 14.3628)

[node name="barrier_arrow_block4" parent="Barriers" instance=ExtResource("9_wiabe")]
transform = Transform3D(-0.836975, 0, 0.547242, 0, 1, 0, -0.547242, 0, -0.836975, -2.24766, 1.01086, 10.6738)

[node name="barrier_arrow_block5" parent="Barriers" instance=ExtResource("9_wiabe")]
transform = Transform3D(-0.999988, 0, 0.00493923, 0, 1, 0, -0.00493923, 0, -0.999988, -6.40247, 1.01086, 9.11703)

[node name="barrier_railing2" parent="Barriers" instance=ExtResource("10_b1e4a")]
transform = Transform3D(-2.08616e-07, 0, -1, 0, 1, 0, 1, 0, -2.08616e-07, -30.484, 1.02472, -7.93309)
railing_type = 0

[node name="barrier_railing3" parent="Barriers" instance=ExtResource("10_b1e4a")]
transform = Transform3D(-2.08616e-07, 0, -1, 0, 1, 0, 1, 0, -2.08616e-07, -22.9128, 1.02472, -7.93309)
railing_type = 0

[node name="barrier_railing7" parent="Barriers" instance=ExtResource("10_b1e4a")]
transform = Transform3D(-2.08616e-07, 0, -1, 0, 1, 0, 1, 0, -2.08616e-07, -15.3106, 1.02472, -7.93309)
railing_type = 0

[node name="barrier_railing5" parent="Barriers" instance=ExtResource("10_b1e4a")]
transform = Transform3D(-2.08616e-07, 0, -1, 0, 1, 0, 1, 0, -2.08616e-07, -7.85867, 1.02472, -7.93309)
railing_type = 0

[node name="barrier_railing6" parent="Barriers" instance=ExtResource("10_b1e4a")]
transform = Transform3D(-2.08616e-07, 0, -1, 0, 1, 0, 1, 0, -2.08616e-07, -0.322694, 1.02472, -7.93309)
railing_type = 0

[node name="barrier_railing8" parent="Barriers" instance=ExtResource("10_b1e4a")]
transform = Transform3D(-2.08616e-07, 0, -1, 0, 1, 0, 1, 0, -2.08616e-07, 6.83364, 1.02472, -7.93309)
railing_type = 0

[node name="barrier_railing9" parent="Barriers" instance=ExtResource("10_b1e4a")]
transform = Transform3D(-0.707107, 0, -0.707106, 0, 1, 0, 0.707106, 0, -0.707107, 12.5342, 1.02472, -5.52948)
railing_type = 0

[node name="barrier_railing10" parent="Barriers" instance=ExtResource("10_b1e4a")]
transform = Transform3D(-0.999999, 0, 2.68221e-07, 0, 1, 0, -2.68221e-07, 0, -0.999999, -33.0432, 1.02472, -3.56673)
railing_type = 0

[node name="barrier_railing11" parent="Barriers" instance=ExtResource("10_b1e4a")]
transform = Transform3D(-0.999999, 0, 2.68221e-07, 0, 1, 0, -2.68221e-07, 0, -0.999999, -33.0432, 1.02472, 3.13691)
railing_type = 0

[node name="SpectatorCars" type="Node3D" parent="."]
unique_name_in_owner = true
transform = Transform3D(1, 0, 0, 0, 1, 0, 0, 0, 1, 0, 1.12657, 0)

[node name="spectator_car" parent="SpectatorCars" instance=ExtResource("11_5o36n")]
transform = Transform3D(-0.000646114, -0.000841651, -0.999999, 0.00040125, 1, -0.000841916, 1, -0.000401804, -0.00064577, 10.4274, 0.500192, 18.0889)

[node name="spectator_car2" parent="SpectatorCars" instance=ExtResource("11_5o36n")]
transform = Transform3D(-0.000646114, -0.000841651, -0.999999, 0.00040125, 1, -0.000841916, 1, -0.000401804, -0.00064577, 10.4274, 0.500192, 12.3202)

[node name="spectator_car3" parent="SpectatorCars" instance=ExtResource("11_5o36n")]
transform = Transform3D(-0.000646114, -0.000841651, -0.999999, 0.00040125, 1, -0.000841916, 1, -0.000401804, -0.00064577, 10.4274, 0.500192, 7.34329)

[node name="spectator_car4" parent="SpectatorCars" instance=ExtResource("11_5o36n")]
transform = Transform3D(-0.000646114, -0.000841651, -0.999999, 0.00040125, 1, -0.000841916, 1, -0.000401804, -0.00064577, 10.4274, 0.500192, 2.95319)

[node name="spectator_car5" parent="SpectatorCars" instance=ExtResource("11_5o36n")]
transform = Transform3D(1, -0.000401804, -0.000645726, 0.00040125, 1, -0.000841916, 0.00064607, 0.000841651, 0.999999, -18.7932, 0.500192, -4.82361)

[node name="spectator_car6" parent="SpectatorCars" instance=ExtResource("11_5o36n")]
transform = Transform3D(1, -0.000401804, -0.000645726, 0.00040125, 1, -0.000841916, 0.00064607, 0.000841651, 0.999999, -23.3717, 0.500192, -4.82361)

[node name="spectator_car7" parent="SpectatorCars" instance=ExtResource("11_5o36n")]
transform = Transform3D(1, -0.000401804, -0.000645726, 0.00040125, 1, -0.000841916, 0.00064607, 0.000841651, 0.999999, -27.4057, 0.500192, -4.82361)

[node name="spectator_car8" parent="SpectatorCars" instance=ExtResource("11_5o36n")]
transform = Transform3D(1, -0.000401804, -0.000645726, 0.00040125, 1, -0.000841916, 0.00064607, 0.000841651, 0.999999, -31.7958, 0.500192, -4.82361)

[node name="spectator_car9" parent="SpectatorCars" instance=ExtResource("11_5o36n")]
transform = Transform3D(1, -0.000401804, -0.000645726, 0.00040125, 1, -0.000841916, 0.00064607, 0.000841651, 0.999999, -0.643114, 0.500192, -4.82361)

[node name="spectator_car10" parent="SpectatorCars" instance=ExtResource("11_5o36n")]
transform = Transform3D(1, -0.000401804, -0.000645726, 0.00040125, 1, -0.000841916, 0.00064607, 0.000841651, 0.999999, -6.22157, 0.500192, -4.82361)

[node name="spectator_car11" parent="SpectatorCars" instance=ExtResource("11_5o36n")]
transform = Transform3D(1, -0.000401804, -0.000645726, 0.00040125, 1, -0.000841916, 0.00064607, 0.000841651, 0.999999, -10.2556, 0.500192, -4.82361)

[node name="spectator_car12" parent="SpectatorCars" instance=ExtResource("11_5o36n")]
transform = Transform3D(1, -0.000401804, -0.000645726, 0.00040125, 1, -0.000841916, 0.00064607, 0.000841651, 0.999999, -14.6457, 0.500192, -4.82361)

[node name="OutOfBounds" type="Node3D" parent="."]
unique_name_in_owner = true

[node name="trigger" parent="OutOfBounds" instance=ExtResource("12_mi28e")]
transform = Transform3D(1, 0, 0, 0, 1, 0, 0, 0, 1, 0, -3, 54.6939)
mesh = SubResource("BoxMesh_rxe4y")
size = Vector3(159.385, 2, 195.725)

[node name="ReverbTrigger" type="Node3D" parent="."]
transform = Transform3D(1, 0, 0, 0, 1, 0, 0, 0, 1, -8, 3, -8)
script = ExtResource("13_ywc6u")
reverb_strength = 0.8

[node name="TrackCameras" type="Node3D" parent="."]
unique_name_in_owner = true

[node name="track_camera" type="Node3D" parent="TrackCameras"]
transform = Transform3D(0.801231, 0.247699, -0.544679, 0, 0.910292, 0.413966, 0.598356, -0.331682, 0.729354, -13.5537, 8.26564, 7.92873)
script = ExtResource("14_42kjk")
fov = 50.0

[node name="track_camera2" type="Node3D" parent="TrackCameras"]
transform = Transform3D(0.801231, 0.247699, -0.544679, 0, 0.910292, 0.413966, 0.598356, -0.331682, 0.729354, 28.816, 14.7845, -6.15391)
script = ExtResource("14_42kjk")
fov = 50.0
starting_track_interp = 0.035

[node name="track_camera3" type="Node3D" parent="TrackCameras"]
transform = Transform3D(0.801231, 0.247699, -0.544679, 0, 0.910292, 0.413966, 0.598356, -0.331682, 0.729354, 28.816, 27.8961, -6.15391)
script = ExtResource("14_42kjk")
fov = 50.0
starting_track_interp = 0.07

[node name="track_camera4" type="Node3D" parent="TrackCameras"]
transform = Transform3D(0.801231, 0.247699, -0.544679, 0, 0.910292, 0.413966, 0.598356, -0.331682, 0.729354, 28.816, 40.8935, -6.15391)
script = ExtResource("14_42kjk")
fov = 50.0
starting_track_interp = 0.105

[node name="track_camera5" type="Node3D" parent="TrackCameras"]
transform = Transform3D(0.801231, 0.247699, -0.544679, 0, 0.910292, 0.413966, 0.598356, -0.331682, 0.729354, 28.816, 52.9317, -6.15391)
script = ExtResource("14_42kjk")
fov = 50.0
starting_track_interp = 0.14

[node name="track_camera6" type="Node3D" parent="TrackCameras"]
transform = Transform3D(0.801231, 0.247699, -0.544679, 0, 0.910292, 0.413966, 0.598356, -0.331682, 0.729354, 28.816, 65.3643, -6.15391)
script = ExtResource("14_42kjk")
fov = 50.0
starting_track_interp = 0.175

[node name="track_camera7" type="Node3D" parent="TrackCameras"]
transform = Transform3D(0.801231, 0.247699, -0.544679, 0, 0.910292, 0.413966, 0.598356, -0.331682, 0.729354, 28.816, 80.1417, -6.15391)
script = ExtResource("14_42kjk")
fov = 50.0
starting_track_interp = 0.21

[node name="track_camera8" type="Node3D" parent="TrackCameras"]
transform = Transform3D(0.801231, 0.247699, -0.544679, 0, 0.910292, 0.413966, 0.598356, -0.331682, 0.729354, 28.816, 93.3709, -6.15391)
script = ExtResource("14_42kjk")
fov = 50.0
starting_track_interp = 0.28

[node name="track_camera9" type="Node3D" parent="TrackCameras"]
transform = Transform3D(0.801231, 0.247699, -0.544679, 0, 0.910292, 0.413966, 0.598356, -0.331682, 0.729354, 28.816, 106.319, -6.15391)
script = ExtResource("14_42kjk")
fov = 50.0
starting_track_interp = 0.315

[node name="track_camera10" type="Node3D" parent="TrackCameras"]
transform = Transform3D(0.801231, 0.247699, -0.544679, 0, 0.910292, 0.413966, 0.598356, -0.331682, 0.729354, 28.816, 119.319, -6.15391)
script = ExtResource("14_42kjk")
fov = 50.0
starting_track_interp = 0.35

[node name="track_camera11" type="Node3D" parent="TrackCameras"]
transform = Transform3D(0.801231, 0.247699, -0.544679, 0, 0.910292, 0.413966, 0.598356, -0.331682, 0.729354, 28.816, 136.163, -6.15391)
script = ExtResource("14_42kjk")
fov = 50.0
starting_track_interp = 0.38

[node name="track_camera12" type="Node3D" parent="TrackCameras"]
transform = Transform3D(0.801231, 0.247699, -0.544679, 0, 0.910292, 0.413966, 0.598356, -0.331682, 0.729354, -20.2298, 144.326, 47.1793)
script = ExtResource("14_42kjk")
fov = 50.0
starting_track_interp = 0.4

[node name="track_camera13" type="Node3D" parent="TrackCameras"]
transform = Transform3D(0.801231, 0.247699, -0.544679, 0, 0.910292, 0.413966, 0.598356, -0.331682, 0.729354, -18.0793, 135.876, 113.669)
script = ExtResource("14_42kjk")
fov = 50.0
starting_track_interp = 0.46

[node name="track_camera14" type="Node3D" parent="TrackCameras"]
transform = Transform3D(0.801231, 0.247699, -0.544679, 0, 0.910292, 0.413966, 0.598356, -0.331682, 0.729354, -18.0793, 121.324, 113.669)
script = ExtResource("14_42kjk")
fov = 50.0
starting_track_interp = 0.495

[node name="track_camera15" type="Node3D" parent="TrackCameras"]
transform = Transform3D(0.801231, 0.247699, -0.544679, 0, 0.910292, 0.413966, 0.598356, -0.331682, 0.729354, -18.0793, 108.112, 113.669)
script = ExtResource("14_42kjk")
fov = 50.0
starting_track_interp = 0.53

[node name="track_camera16" type="Node3D" parent="TrackCameras"]
transform = Transform3D(0.801231, 0.247699, -0.544679, 0, 0.910292, 0.413966, 0.598356, -0.331682, 0.729354, -18.0793, 95.2839, 113.669)
script = ExtResource("14_42kjk")
fov = 50.0
starting_track_interp = 0.565

[node name="track_camera17" type="Node3D" parent="TrackCameras"]
transform = Transform3D(0.801231, 0.247699, -0.544679, 0, 0.910292, 0.413966, 0.598356, -0.331682, 0.729354, -18.0793, 83.2212, 113.669)
script = ExtResource("14_42kjk")
fov = 50.0
starting_track_interp = 0.6

[node name="track_camera18" type="Node3D" parent="TrackCameras"]
transform = Transform3D(0.801231, 0.247699, -0.544679, 0, 0.910292, 0.413966, 0.598356, -0.331682, 0.729354, -18.0793, 69.6268, 113.669)
script = ExtResource("14_42kjk")
fov = 50.0
starting_track_interp = 0.635

[node name="track_camera19" type="Node3D" parent="TrackCameras"]
transform = Transform3D(0.801231, 0.247699, -0.544679, 0, 0.910292, 0.413966, 0.598356, -0.331682, 0.729354, -18.0793, 57.3727, 113.669)
script = ExtResource("14_42kjk")
fov = 50.0
starting_track_interp = 0.67

[node name="track_camera20" type="Node3D" parent="TrackCameras"]
transform = Transform3D(0.801231, 0.247699, -0.544679, 0, 0.910292, 0.413966, 0.598356, -0.331682, 0.729354, -18.0793, 42.8209, 113.669)
script = ExtResource("14_42kjk")
fov = 50.0
starting_track_interp = 0.705

[node name="track_camera21" type="Node3D" parent="TrackCameras"]
transform = Transform3D(0.801231, 0.247699, -0.544679, 0, 0.910292, 0.413966, 0.598356, -0.331682, 0.729354, -18.0793, 30.7583, 113.669)
script = ExtResource("14_42kjk")
fov = 50.0
starting_track_interp = 0.74

[node name="track_camera22" type="Node3D" parent="TrackCameras"]
transform = Transform3D(0.801231, 0.247699, -0.544679, 0, 0.910292, 0.413966, 0.598356, -0.331682, 0.729354, -18.0793, 18.3127, 113.669)
script = ExtResource("14_42kjk")
fov = 50.0
starting_track_interp = 0.775

[node name="track_camera23" type="Node3D" parent="TrackCameras"]
transform = Transform3D(0.801231, 0.247699, -0.544679, 0, 0.910292, 0.413966, 0.598356, -0.331682, 0.729354, -58.712, 18.3127, 128.69)
script = ExtResource("14_42kjk")
fov = 50.0
starting_track_interp = 0.9

[node name="track_camera24" type="Node3D" parent="TrackCameras"]
transform = Transform3D(0.801231, 0.247699, -0.544679, 0, 0.910292, 0.413966, 0.598356, -0.331682, 0.729354, -70.1517, 3.02307, 18.6189)
script = ExtResource("14_42kjk")
fov = 50.0
starting_track_interp = 0.95

[node name="TrackCameraPreviewer" parent="." instance=ExtResource("15_i84k5")]
unique_name_in_owner = true
preview_car_interp = 1.0

[node name="DirectionalLight3D" type="DirectionalLight3D" parent="."]
transform = Transform3D(-0.669471, -0.510535, -0.539594, -0.732287, 0.331584, 0.594817, -0.124754, 0.793351, -0.595845, -28.0434, 57.0433, -25.2417)

[node name="corkscrew" parent="." instance=ExtResource("16_bw6cx")]
transform = Transform3D(-1, 0, -8.74228e-08, 0, 1, 0, 8.74228e-08, 0, -1, -3.0434, 0.0432739, 17.7583)

[node name="TEST" type="Node3D" parent="."]

[node name="track_path_point" parent="TEST" instance=ExtResource("8_xa2sk")]
transform = Transform3D(1, 0, 0, 0, 1, 0, 0, 0, 1, 100.736, -0.357246, 100.127)

[node name="track_path_point2" parent="TEST" instance=ExtResource("8_xa2sk")]
transform = Transform3D(-4.37114e-08, -0.173648, 0.984808, 0, 0.984808, 0.173648, -1, 7.5904e-09, -4.30473e-08, 110.736, 1.64275, 110.127)

[node name="track_path_point3" parent="TEST" instance=ExtResource("8_xa2sk")]
transform = Transform3D(-1, 2.62201e-08, -1.48702e-07, 0, 0.984808, 0.173648, 1.50996e-07, 0.173648, -0.984808, 120.736, 3.64275, 100.127)

[node name="track_path_point4" parent="TEST" instance=ExtResource("8_xa2sk")]
transform = Transform3D(7.54979e-08, 0.173648, -0.984808, 0, 0.984808, 0.173648, 1, -1.31101e-08, 7.43509e-08, 110.736, 5.64275, 90.1267)

[node name="track_path_point5" parent="TEST" instance=ExtResource("8_xa2sk")]
transform = Transform3D(1, -3.03616e-08, 1.72189e-07, 0, 0.984808, 0.173648, -1.74846e-07, -0.173648, 0.984808, 100.736, 7.64275, 100.127)

[node name="track_path_point6" parent="TEST" instance=ExtResource("8_xa2sk")]
transform = Transform3D(-4.37114e-08, -0.173648, 0.984808, 0, 0.984808, 0.173648, -1, 7.5904e-09, -4.30473e-08, 109.604, 8.06209, 110.127)

[node name="track_path_point7" parent="TEST" instance=ExtResource("8_xa2sk")]
transform = Transform3D(-1, 2.62201e-08, -1.48702e-07, 0, 0.984808, 0.173648, 1.50996e-07, 0.173648, -0.984808, 120.736, 10.0621, 101.259)

[node name="track_path_point8" parent="TEST" instance=ExtResource("8_xa2sk")]
transform = Transform3D(7.54979e-08, 0.173648, -0.984808, 0, 0.984808, 0.173648, 1, -1.31101e-08, 7.43509e-08, 111.868, 12.0621, 90.1267)

[node name="track_path_point9" parent="TEST" instance=ExtResource("8_xa2sk")]
transform = Transform3D(1, -3.03616e-08, 1.72189e-07, 0, 0.984808, 0.173648, -1.74846e-07, -0.173648, 0.984808, 100.736, 14.0621, 98.9948)

[node name="track_path_point10" parent="TEST" instance=ExtResource("8_xa2sk")]
transform = Transform3D(-4.37114e-08, -0.173648, 0.984808, 0, 0.984808, 0.173648, -1, 7.5904e-09, -4.30473e-08, 108.406, 14.8585, 110.127)

[node name="track_path_point11" parent="TEST" instance=ExtResource("8_xa2sk")]
transform = Transform3D(-1, 2.62201e-08, -1.48702e-07, 0, 0.984808, 0.173648, 1.50996e-07, 0.173648, -0.984808, 120.736, 16.8585, 102.457)

[node name="track_path_point12" parent="TEST" instance=ExtResource("8_xa2sk")]
transform = Transform3D(7.54979e-08, 0.173648, -0.984808, 0, 0.984808, 0.173648, 1, -1.31101e-08, 7.43509e-08, 113.067, 18.8585, 90.1267)

[node name="track_path_point13" parent="TEST" instance=ExtResource("8_xa2sk")]
transform = Transform3D(1, -3.03616e-08, 1.72189e-07, 0, 0.984808, 0.173648, -1.74846e-07, -0.173648, 0.984808, 100.736, 20.8585, 97.7964)

[node name="track_path_point14" parent="TEST" instance=ExtResource("8_xa2sk")]
transform = Transform3D(-4.37114e-08, -0.173648, 0.984808, 0, 0.984808, 0.173648, -1, 7.5904e-09, -4.30473e-08, 106.941, 23.165, 110.127)

[node name="track_path_point15" parent="TEST" instance=ExtResource("8_xa2sk")]
transform = Transform3D(-1, 2.62201e-08, -1.48702e-07, 0, 0.984808, 0.173648, 1.50996e-07, 0.173648, -0.984808, 120.736, 25.165, 103.922)

[node name="track_path_point16" parent="TEST" instance=ExtResource("8_xa2sk")]
transform = Transform3D(7.54979e-08, 0.173648, -0.984808, 0, 0.984808, 0.173648, 1, -1.31101e-08, 7.43509e-08, 114.531, 27.165, 90.1267)

[node name="track_path_point17" parent="TEST" instance=ExtResource("8_xa2sk")]
transform = Transform3D(1, -3.03616e-08, 1.72189e-07, 0, 0.984808, 0.173648, -1.74846e-07, -0.173648, 0.984808, 100.736, 29.165, 96.3317)

[node name="track_path_point18" parent="TEST" instance=ExtResource("8_xa2sk")]
transform = Transform3D(-4.37114e-08, -0.173648, 0.984808, 0, 0.984808, 0.173648, -1, 7.5904e-09, -4.30473e-08, 105.484, 31.4312, 110.127)

[node name="track_path_point19" parent="TEST" instance=ExtResource("8_xa2sk")]
transform = Transform3D(-1, 2.62201e-08, -1.48702e-07, 0, 0.984808, 0.173648, 1.50996e-07, 0.173648, -0.984808, 120.736, 33.4312, 105.379)

[node name="track_path_point20" parent="TEST" instance=ExtResource("8_xa2sk")]
transform = Transform3D(7.54979e-08, 0.173648, -0.984808, 0, 0.984808, 0.173648, 1, -1.31101e-08, 7.43509e-08, 115.989, 35.4312, 90.1267)

[node name="track_path_point21" parent="TEST" instance=ExtResource("8_xa2sk")]
